Bill To:;Ship To:;invoice_id;created_at
Trudy Brown;Yangon, Yangon,;# 26186;2025-03-10 11:22:29.145078
;Myanmar (Burma);# 26186;2025-03-10 11:22:29.145078
