Bill To:;Ship To:;invoice_id;created_at
Darren Powers;Kuala Lumpur, Kuala;# 24911;2025-03-10 11:21:42.323138
;Lumpur, Malaysia;# 24911;2025-03-10 11:21:42.323138
